4
1
2
2
2
1
4
10
9
2
2
13
5
9
13
5
6
19
4
2
3
4
1
24
3
2
18
4
2
9
11
5
25
2
1
3
2
1
3
3
15
5
3
3
5
6
2
6
19
4
3
3
18
3
26
6
6
11
25
13
4
5
9
4
6
2
52
4
4
1
9
28
20
4
19
2
10
2
9
7
6
2
7
2
3
4
4
11
6
3
2
1
3
3
2
6
4
7
4
1
2
6
4
93
4
9
4
3
14
3
4
3
1
34
6
6
3
2
4
3
4
4
3
3
6
3
2
6
3
1
8
6
2
3
2
2
6
2
1
10
1
4
9
3
1
6
12
16
29
1
9
3
7
6
15
8
2
3
3
14
3
4
13
4
3
5
3
2
6
2
3
2
4
10
12
4
2
1
13
3
4
7
4
3
3
21
9
2
3
8
10
1
30
6
2
13
8
40
3
2
6
1
3
8
14
3
2
6
3
6
12
2
50
3
2
2
31
6
3
3
43
7
1
10
3
3
2
31
3
3
9
26
2
1
8
9
96
3
15
127
4
1
2
16
6
2
2
2
6
5
2
3
1
70
5
7
7
20
1
20
12
3
2
4
11
10
2
3
5
2
6
1
7
24
3
6
8
30
5
1
1
9
5
6
1
2
2
2
2
8
7
1
1
4
3
3
2
3
3
1
5
3
4
4
4
5
11
7
1
2
4
3
2
2
7
6
2
2
9
1
3
4
3
4
2
6
10
1
3
6
9
12
4
2
7
1
1
3
10
12
8
6
4
3
7
6
2
30
10
10
5
6
1
41
1
7
10
2
11
6
2
2
20
2
16
3
1
2
18
6
6
3
2
3
9
2
2
4
2
7
6
3
3
2
6
6
16
2
6
20
10
14
2
37
2
7
16
3
7
2
2
4
8
9
4
2
2
28
56
4
9
3
15
10
13
8
12
7
2
2
1
9
5
9
4
7
2
2
1
34
2
3
9
4
3
4
40
1
18
6
2
1
2
1
1
13
84
11
2
2
10
25
3
24
1
2
3
1
10
6
3
9
2
2
1
3
2
3
22
29
5
3
2
4
6
4
2
4
24
5
10
10
2
1
5
12
6
7
2
6
2
6
4
2
2
3
12
18
5
4
1
1
1
2
3
4
6
1
1
20
1
12
3
3
5
1
2
6
4
1
6
16
4
12
2
1
1
4
7
25
15
6
1
2
3
1
1
1
11
1
8
2
3
3
3
40
6
2
3
7
2
2
6
3
12
3
15
1
2
3
3
3
4
3
8
2
8
11
62
61
21
12
4
2
38
3
10
6
18
6
4
2
6
3
16
15
6
6
24
10
2
4
5
5
1
8
5
2
12
1
3
6
3
3
6
2
3
2
7
12
2
4
2
2
8
4
7
2
13
12
7
6
4
5
5
9
4
3
4
8
7
2
1
8
12
1
4
3
34
8
11
17
6
5
3
3
9
2
28
5
2
3
12
2
17
2
4
38
4
2
1
2
3
4
6
16
5
1
38
4
4
13
40
5
94
2
3
34
4
9
4
3
9
2
1
2
7
6
13
19
7
2
2
12
2
9
1
2
1
3
8
3
3
2
2
2
12
4
20
6
4
6
1
6
19
4
5
1
2
2
2
2
3
7
3
2
2
2
1
1
2
5
6
4
8
1
4
11
6
3
10
2
3
2
4
4
10
1
7
8
8
19
8
5
33
3
1
2
7
15
1
1
10
61
2
53
2
14
9
3
7
12
1
21
10
24
1
4
12
15
6
7
3
50
4
7
4
10
2
9
1
5
2
9
2
3
14
28
10
6
7
11
8
7
5
9
1
7
3
1
26
8
6
2
3
4
9
1
8
7
2
4
5
6
2
1
4
2
8
7
2
1
2
5
3
15
4
3
4
10
33
1
2
10
1
6
5
7
4
18
2
1
6
3
1
22
18
8
21
3
4
3
3
16
1
2
1
16
8
3
23
1
4
14
27
4
1
4
2
4
4
6
3
2
40
4
4
3
4
2
8
3
1
5
6
6
3
1
10
4
7
34
4
1
1
7
2
8
6
1
6
1
11
51
41
5
3
5
26
3
1
6
2
10
4
1
8
10
19
4
7
2
16
8
2
6
32
1
9
3
1
2
4
1
2
2
6
2
6
3
3
14
56
1
18
6
15
2
1
8
2
1
4
6
8
2
4
2
4
2
3
2
6
14
1
12
16
6
6
1
6
1
28
4
3
2
3
3
6
2
4
1
4
2
10
7
4
8
2
5
